time (s),total frames,fps
25.005,1368,151
26.008,1480,112
27.004,1618,138
28.004,1766,148
29.001,1870,104
30.004,2017,147
31.001,2156,139
32.002,2272,116
33.004,2421,149
34.0,2531,110
35.002,2662,131
36.003,2808,146
37.007,2906,98
38.008,3051,145
39.005,3183,132
40.004,3294,111
41.002,3437,143
42.005,3545,108
43.006,3676,131
44.002,3814,138
45.009,3911,97
46.004,4034,123
47.012,4165,131
48.001,4271,106
49.002,4409,138
50.003,4516,107
51.006,4651,135
52.0,4799,148
53.0,4900,101
54.006,5045,145
55.004,5176,131
