time (s),total frames,fps
25.001,1259,96
26.008,1347,88
27.005,1419,72
28.004,1518,99
29.005,1583,65
30.005,1663,80
31.011,1763,100
32.002,1819,56
33.004,1909,90
34.031,1985,76
35.009,2045,60
36.0,2130,85
37.011,2190,60
38.004,2260,70
39.012,2347,87
40.008,2399,52
41.008,2478,79
42.0,2542,64
43.008,2602,60
44.004,2687,85
45.006,2741,54
46.008,2810,69
47.02,2892,82
48.003,2938,46
49.006,3011,73
50.013,3079,68
51.009,3135,56
52.0,3213,78
53.0,3265,52
54.001,3330,65
