CONFIG: 	77.80884
CONFIG: 	65.21236
